w0 <- c(0, 1, 2)
w1 <- c(TRUE, FALSE, 0, 1, 2)
w2 <- c(TRUE, FALSE, 0, 1, 2, 0.0, 1.1, 2.2)
w3 <- c('1', 1, TRUE, 1.1)
w4 <- c(FALSE, TRUE, 1, 1.1, 'Привет')